PAGE: 129

33024
104 104 133 206 104 133 207 162
33032
3 234 160 0 234 173 11 212
33040
201 96 48 249 140 5 212 169
33048
255 233 1 208 252 200 192 16
33056
208 234 24 165 207 105 20 133
33064
207 144 6 165 206 105 0 133
33072
206 234 173 11 212 201 96 48
33080
249 169 0 141 5 212 165 206
33088
141 133 6 165 207 144 132 6
33096
202 208 190 96 0 0 0 0
33104
0 0 0 0 0 0 0 0
33112
0 0 0 0 0 0 0 0
33120
104 104 133 204 104 133 205 162
33128
3 234 56 165 205 233 20 133
33136
205 176 6 165 204 233 0 133
33144
204 234 173 11 212 201 96 48
33152
249 169 15 141 5 212 165 204
33160
141 133 6 165 205 144 132 6
33168
160 16 136 173 11 212 201 96
33176
48 249 140 5 212 169 1 105
33184
1 201 255 208 250 192 0 208
33192
233 202 208 189 96 0 0 0
33200
0 0 0 0 0 0 0 0
33208
0 0 0 0 0 0 0 0
33216
0 0 0 0 0 0 0 0
33224
0 0 0 0 0 0 0 0
33232
0 0 0 0 0 0 0 0
33240
0 0 0 0 0 0 0 0
33248
0 0 0 0 0 0 0 0
33256
0 0 0 0 0 0 0 0
33264
0 0 0 0 0 0 0 0
33272
0 0 0 0 0 0 0 0

PAGE: 130

33280
0 0 0 0 0 0 0 0
33288
0 0 0 0 0 0 0 0
33296
0 0 0 0 0 0 0 0
33304
0 0 0 0 0 0 0 0
33312
0 0 0 0 0 0 0 0
33320
0 0 0 0 0 0 0 0
33328
0 0 0 0 0 0 0 0
33336
0 0 0 0 0 0 0 0
33344
0 0 0 0 0 0 0 0
33352
0 0 0 0 0 0 0 0
33360
0 0 0 0 0 0 0 0
33368
0 0 0 0 0 0 0 0
33376
0 0 0 0 0 0 0 0
33384
0 0 0 0 0 0 0 0
33392
0 0 0 0 0 0 0 0
33400
0 0 0 0 0 0 0 0
33408
0 0 0 0 0 0 0 0
33416
0 0 0 0 0 0 0 0
33424
0 0 0 0 0 0 0 0
33432
0 0 0 0 0 0 0 0
33440
0 0 0 0 0 0 0 0
33448
0 0 0 0 0 0 0 0
33456
37 56 48 44 47 50 37 0
33464
0 0 0 0 0 0 48 44
33472
37 33 51 37 0 55 33 41
33480
52 128 176 178 175 167 178 161
33488
173 128 172 175 161 164 169 174
33496
167 128 0 0 0 0 0 0
33504
0 0 0 0 0 0 0 0
33512
0 0 0 0 0 0 0 0
33520
0 0 0 0 0 0 0 0
33528
0 0 0 0 0 0 0 0

PAGE: 131

33536
110 110 110 110 110 110 110 110
33544
110 110 110 110 110 110 110 110
33552
110 110 110 110 110 110 128 110
33560
110 128 128 128 128 128 128 128
33568
110 110 128 128 128 128 110 110
33576
110 110 128 110 110 128 128 110
33584
110 110 128 128 110 110 128 128
33592
128 128 110 110 110 110 128 128
33600
128 128 110 110 110 110 110 128
33608
128 128 128 110 110 128 110 110
33616
110 110 128 128 128 128 110 110
33624
128 110 110 128 128 128 128 110
33632
110 128 110 110 110 110 128 128
33640
110 110 110 110 128 110 110 128
33648
128 110 110 110 110 128 110 110
33656
110 110 128 128 110 110 110 110
33664
128 128 128 128 110 110 110 110
33672
128 128 110 110 110 110 128 128
33680
128 128 110 110 128 128 128 128
33688
110 110 128 128 128 128 110 110
33696
110 110 110 110 128 128 110 110
33704
110 110 110 110 110 110 128 128
33712
110 110 110 110 110 110 110 110
33720
128 128 110 110 110 110 29 19
33728
30 110 128 128 110 110 110 110
33736
110 110 128 128 128 128 110 110
33744
128 128 128 128 18 110 128 128
33752
128 128 110 110 110 110 128 128
33760
128 128 110 110 128 128 27 17
33768
28 110 110 110 128 128 110 110
33776
110 110 128 128 110 110 110 128
33784
128 128 110 110 110 110 110 110

PAGE: 132

33792
128 128 110 110 110 110 128 110
33800
110 128 128 128 128 128 128 128
33808
110 110 128 128 128 128 110 110
33816
110 110 128 110 110 128 128 110
33824
110 110 110 110 110 110 128 128
33832
110 110 110 110 110 110 128 110
33840
110 128 128 110 110 110 110 110
33848
110 110 128 128 110 110 110 110
33856
110 110 128 110 110 128 128 128
33864
128 128 128 128 110 110 128 128
33872
128 128 110 110 110 110 128 110
33880
110 110 110 128 128 128 110 110
33888
110 110 110 110 128 128 110 110
33896
110 110 128 128 110 110 110 110
33904
128 110 110 110 110 110 110 110
33912
110 128 110 110 110 110 128 128
33920
128 128 110 110 128 110 110 128
33928
128 128 128 110 110 128 110 110
33936
110 110 128 128 128 128 110 110
33944
128 110 110 110 110 128 128 110
33952
110 128 110 110 110 110 128 110
33960
110 128 128 128 128 128 110 110
33968
110 110 128 128 128 128 110 110
33976
110 110 128 110 110 128 128 128
33984
128 128 128 128 110 110 128 128
33992
128 128 110 110 110 110 110 110
34000
110 110 110 110 110 110 110 110
34008
110 110 110 110 110 110 110 110
34016
0 0 128 0 0 83 0 0
34024
64 0 0 64 0 0 128 0
34032
0 0 0 0 0 0 0 0
34040
0 0 0 0 0 0 0 0

PAGE: 133

34048
0 0 0 0 0 0 0 0
34056
0 0 0 0 0 0 0 0
34064
0 0 0 0 0 0 0 0
34072
0 0 0 0 0 0 0 0
34080
0 0 0 0 0 0 0 0
34088
0 0 0 0 0 0 0 0
34096
0 0 0 0 0 0 0 0
34104
0 0 0 0 0 0 0 0
34112
45 33 39 41 35 0 35 33
34120
51 52 44 37 0 0 0 0
34128
0 0 0 0 0 0 0 0
34136
0 0 0 0 0 0 0 0
34144
0 0 0 0 0 0 0 0
34152
0 0 0 0 0 0 0 0
34160
0 0 0 0 0 0 0 0
34168
0 0 0 0 0 0 0 0
34176
0 0 55 50 41 52 52 37
34184
46 0 34 57 0 34 50 53
34192
35 37 0 45 33 57 0 0
34200
0 0 0 0 0 0 0 0
34208
0 0 0 0 0 0 0 0
34216
0 0 0 0 0 0 0 0
34224
0 0 0 0 0 0 0 0
34232
0 0 0 0 0 0 0 0
34240
0 0 0 0 0 0 0 0
34248
0 0 0 0 0 0 0 0
34256
0 0 0 0 0 35 47 48
34264
57 50 41 39 40 52 0 17
34272
25 24 19 0 0 0 0 0
34280
0 0 0 0 0 0 0 0
34288
0 0 0 0 0 0 0 0
34296
0 0 0 0 0 0 0 0

PAGE: 134

34304
0 0 0 0 0 0 0 0
34312
0 0 0 0 0 0 0 0
34320
0 0 0 0 0 0 0 0
34328
0 0 0 0 0 0 0 0
34336
0 0 0 0 0 0 0 0
34344
0 0 0 0 0 0 0 0
34352
0 0 0 0 0 0 0 0
34360
0 0 0 0 0 0 0 0
34368
0 0 0 0 0 0 0 0
34376
0 0 0 0 0 0 0 0
34384
0 0 0 0 0 0 0 0
34392
0 0 0 0 0 0 0 0
34400
0 0 0 0 0 0 0 0
34408
0 0 0 0 0 0 0 0
34416
0 0 0 48 50 37 51 51
34424
0 128 178 165 180 181 178 174
34432
128 0 43 37 57 0 0 0
34440
0 0 0 0 0 0 0 0
34448
0 0 0 0 0 0 0 0
34456
0 0 0 0 0 0 0 0
34464
0 0 0 0 0 0 0 0
34472
0 0 0 0 0 0 0 0
34480
0 0 0 0 0 0 0 0
34488
0 0 0 0 0 0 0 0
34496
0 0 0 0 0 0 0 0
34504
0 0 0 0 0 0 0 0
34512
0 0 0 0 0 0 0 0
34520
0 0 0 0 0 0 0 0
34528
0 0 0 0 0 0 0 0
34536
0 0 0 0 0 0 0 0
34544
0 0 0 0 0 0 0 0
34552
0 0 0 0 0 0 0 0

PAGE: 135

34560
0 0 0 0 0 0 0 0
34568
0 0 0 0 0 0 0 0
34576
0 0 0 0 0 0 0 0
34584
0 0 0 0 0 0 0 0
34592
0 0 0 0 0 0 0 0
34600
0 0 0 0 0 0 0 0
34608
0 0 0 0 0 0 0 0
34616
0 0 0 0 0 0 0 0
34624
0 0 0 0 0 0 0 0
34632
0 0 0 0 0 0 0 0
34640
0 0 0 0 0 0 0 0
34648
0 0 0 0 0 0 0 0
34656
0 0 0 0 0 0 0 0
34664
0 0 0 0 0 0 0 0
34672
0 0 0 0 0 0 48 44
34680
37 33 51 37 0 55 33 41
34688
52 0 0 0 0 0 0 0
34696
0 0 0 0 0 0 0 0
34704
0 0 0 0 0 0 0 0
34712
0 0 0 0 0 0 0 0
34720
0 0 0 0 0 0 0 0
34728
0 0 0 0 0 0 0 0
34736
0 0 0 0 0 0 0 0
34744
0 0 0 0 0 0 0 0
34752
0 0 0 0 0 0 0 0
34760
0 0 0 0 0 0 0 0
34768
0 0 0 0 0 0 0 0
34776
0 0 0 0 0 0 0 0
34784
0 0 0 0 0 0 0 0
34792
0 0 0 0 0 0 0 0
34800
0 0 0 0 0 0 0 0
34808
0 0 0 0 0 0 0 0

PAGE: 136

34816
0 0 0 0 0 0 0 0
34824
0 16 84 40 214 40 84 16
34832
2 25 37 85 73 34 28 0
34840
0 224 191 229 0 0 0 0
34848
8 28 62 28 28 8 8 8
34856
8 8 8 8 8 28 42 8
34864
56 108 214 186 214 108 56 16
34872
28 63 121 121 122 122 122 255
34880
4 78 228 64 16 56 16 0
34888
16 56 18 7 2 32 112 32
34896
0 0 0 0 0 0 0 0
34904
0 4 14 7 2 32 112 32
34912
0 0 0 0 255 255 255 255
34920
15 15 15 15 15 15 15 15
34928
240 240 240 240 240 240 240 240
34936
255 255 255 255 0 0 0 0
34944
128 128 128 128 128 128 128 128
34952
0 0 0 0 0 0 0 255
34960
1 1 1 1 1 1 1 1
34968
255 0 0 0 0 0 0 0
34976
128 128 128 128 128 128 128 255
34984
255 1 1 1 1 1 1 1
34992
255 128 128 128 128 128 128 128
35000
1 1 1 1 1 1 1 255
35008
255 255 255 255 255 255 255 255
35016
0 0 8 28 62 28 8 0
35024
255 255 255 255 255 255 255 255
35032
128 128 128 192 192 224 248 255
35040
1 1 1 3 3 7 31 255
35048
255 248 224 192 192 128 128 128
35056
255 31 7 3 3 1 1 1
35064
255 255 255 255 255 255 255 255

PAGE: 137

35072
28 63 121 121 122 122 126 255
35080
0 28 34 65 65 34 28 0
35088
0 124 102 124 102 102 124 0
35096
240 252 255 248 254 240 252 248
35104
0 120 108 102 102 108 120 0
35112
0 126 96 124 96 96 126 0
35120
255 161 145 155 165 209 137 255
35128
0 0 0 0 1 7 3 15
35136
255 255 255 255 223 79 31 15
35144
0 126 24 24 24 24 126 0
35152
31 63 127 15 127 31 255 63
35160
66 60 90 255 231 189 66 60
35168
0 96 96 96 96 96 126 0
35176
255 255 255 255 255 110 42 32
35184
255 129 129 129 129 129 129 255
35192
0 60 102 102 102 102 60 0
35200
0 124 102 102 124 96 96 0
35208
68 84 214 247 255 255 255 255
35216
0 124 102 102 124 108 102 0
35224
15 31 15 63 127 255 255 255
35232
240 252 248 250 255 255 255 255
35240
255 255 255 255 250 248 252 240
35248
0 102 102 102 102 60 24 0
35256
0 0 0 32 160 248 224 240
35264
0 102 102 60 60 102 102 0
35272
15 7 31 3 1 0 0 0
35280
240 224 248 160 128 0 0 0
35288
124 254 170 170 170 254 124 255
35296
54 73 62 28 42 127 65 62
35304
24 60 122 255 245 248 158 152
35312
60 90 255 255 255 129 189 102
35320
32 122 63 124 254 120 44 8

PAGE: 138

35328
154 181 173 173 173 173 173 173
35336
173 173 173 173 168 181 173 173
35344
173 173 168 154 154 163 64 64
35352
64 64 64 64 64 64 64 64
35360
170 163 64 64 64 64 170 154
35368
154 163 64 106 150 150 150 150
35376
150 150 99 64 42 35 64 39
35384
55 64 170 154 154 163 64 121
35392
109 109 109 109 109 109 122 64
35400
42 29 64 30 35 64 170 154
35408
154 163 64 64 64 64 64 64
35416
64 64 64 64 42 16 64 18
35424
35 64 170 154 154 163 64 103
35432
113 113 113 113 113 113 119 64
35440
42 27 17 28 35 64 170 154
35448
154 163 64 106 151 151 151 151
35456
151 151 99 64 42 53 45 45
35464
58 64 170 154 154 163 64 64
35472
64 64 64 64 64 64 64 64
35480
106 122 64 64 64 64 170 154
35488
154 163 64 103 113 64 113 113
35496
113 113 113 113 115 119 64 167
35504
177 177 179 154 154 163 64 106
35512
86 0 79 79 79 79 90 0
35520
66 99 64 185 173 173 168 154
35528
154 163 64 106 80 64 64 64
35536
64 64 64 64 64 64 64 64
35544
64 64 170 154 154 180 113 115
35552
76 76 76 76 76 76 90 64
35560
90 116 113 113 119 64 170 154
35568
154 150 147 149 117 109 109 109
35576
109 109 122 64 121 109 109 109

PAGE: 139

35584
122 64 170 154 154 144 64 146
35592
163 64 64 64 64 64 64 64
35600
64 64 64 64 64 64 170 154
35608
154 148 64 151 163 64 167 177
35616
177 177 177 177 177 177 177 177
35624
183 64 170 154 154 154 83 154
35632
163 64 185 173 173 173 173 173
35640
173 173 173 168 163 64 170 154
35648
154 142 64 141 163 64 64 64
35656
64 64 64 64 64 64 64 170
35664
163 64 170 154 154 142 64 141
35672
163 64 103 113 113 113 113 113
35680
113 119 64 170 163 64 170 154
35688
154 142 64 141 163 64 106 93
35696
83 94 117 109 109 122 64 170
35704
163 64 170 154 154 142 64 141
35712
163 64 106 80 64 82 99 64
35720
64 64 128 170 163 64 170 154
35728
154 154 64 154 163 64 106 91
35736
64 92 99 64 167 177 177 179
35744
163 64 170 154 154 154 64 130
35752
163 64 106 117 64 104 122 64
35760
185 173 173 173 186 64 170 154
35768
154 144 64 64 64 128 106 99
35776
64 64 64 64 64 64 64 64
35784
64 128 170 154 154 154 140 154
35792
180 177 115 116 177 177 177 177
35800
177 177 177 177 177 177 179 154
35808
203 200 200 201 200 201 201 203
35816
200 141 154 192 154 142 203 200
35824
200 201 203 203 203 203 0 0
35832
0 0 0 0 0 0 0 0

PAGE: 140

35840
0 0 0 0 0 0 201 203
35848
154 154 140 140 154 140 140 154
35856
140 154 154 0 154 154 140 140
35864
154 140 154 154 154 26 19 2
35872
154 150 149 150 150 154 142 83
35880
141 154 144 144 26 22 2 154
35888
141 16 0 0 0 0 146 144
35896
0 141 144 0 146 142 0 0
35904
0 0 210 142 154 26 0 26
35912
148 0 151 148 0 141 142 0
35920
141 142 0 146 26 128 26 154
35928
141 150 0 149 150 0 147 147
35936
0 147 147 0 147 147 0 149
35944
150 192 149 142 141 144 64 146
35952
144 64 64 64 64 64 64 64
35960
64 64 64 64 64 64 146 142
35968
141 148 0 151 144 0 154 140
35976
0 140 154 140 140 154 0 146
35984
148 192 151 142 141 150 192 149
35992
144 0 141 143 0 143 26 19
36000
2 142 128 146 150 128 149 142
36008
141 144 0 146 144 0 141 144
36016
0 0 0 0 18 142 0 0
36024
0 0 146 142 141 148 192 151
36032
154 128 154 140 0 140 26 0
36040
26 154 140 140 154 140 154 142
36048
141 144 0 128 141 0 154 0
36056
0 0 154 0 142 203 203 200
36064
201 200 200 142 141 144 0 153
36072
141 0 142 153 128 153 141 0
36080
142 203 0 0 0 0 203 142
36088
141 144 128 128 141 128 142 128

PAGE: 141

36096
128 128 141 128 142 200 200 203
36104
201 128 201 142 141 150 0 147
36112
154 0 142 0 0 0 141 0
36120
154 143 143 143 143 128 143 142
36128
141 144 128 128 128 128 142 153
36136
0 153 141 128 128 0 128 0
36144
0 128 0 142 141 148 128 151
36152
154 140 154 145 145 145 154 128
36160
154 140 128 140 140 140 140 142
36168
141 150 0 147 147 147 154 150
36176
0 149 154 128 149 150 0 141
36184
200 200 201 142 141 144 128 0
36192
0 128 146 128 128 128 144 128
36200
0 0 128 128 128 192 203 142
36208
141 148 0 145 145 145 154 148
36216
0 151 154 145 151 148 145 141
36224
203 0 145 142 154 154 0 2
36232
154 143 143 143 143 143 143 143
36240
143 143 143 143 154 128 2 154
36248
141 144 128 0 0 128 0 0
36256
128 0 0 128 128 0 128 0
36264
0 0 146 142 154 154 140 154
36272
143 143 143 143 143 143 143 143
36280
143 143 143 143 154 140 154 154
36288
203 200 200 201 200 201 201 192
36296
200 203 201 203 201 201 203 192
36304
200 201 200 203 203 200 0 192
36312
203 0 201 200 0 203 200 0
36320
192 200 0 201 200 0 203 201
36328
154 154 140 140 154 140 140 154
36336
140 154 154 140 154 154 140 140
36344
154 140 154 154 154 26 19 2

PAGE: 142

36352
154 143 143 143 143 154 147 147
36360
147 154 143 154 26 22 2 154
36368
154 128 128 0 0 128 128 128
36376
128 128 128 0 128 128 128 128
36384
128 0 210 142 154 26 0 26
36392
154 140 140 140 140 154 140 140
36400
140 154 140 154 26 128 26 154
36408
141 150 0 149 150 128 147 147
36416
128 147 128 147 128 147 128 149
36424
150 192 149 142 141 144 64 146
36432
144 64 64 64 64 64 64 64
36440
64 64 64 146 144 64 146 142
36448
141 148 128 151 144 0 154 140
36456
145 140 154 140 140 154 0 146
36464
148 192 151 142 141 150 192 149
36472
144 0 141 143 147 143 26 19
36480
2 142 128 146 150 128 149 142
36488
141 144 0 146 144 0 141 144
36496
0 0 0 0 18 142 0 146
36504
144 0 146 142 141 148 81 151
36512
154 140 154 140 145 140 26 0
36520
26 154 140 140 154 140 154 142
36528
141 150 0 149 150 147 154 0
36536
0 0 154 0 154 203 203 200
36544
201 200 200 142 141 144 0 128
36552
128 0 141 153 128 153 142 0
36560
141 203 0 0 0 0 203 142
36568
141 148 145 151 148 192 141 128
36576
128 128 142 128 141 200 200 203
36584
201 128 201 142 141 154 143 143
36592
143 128 154 0 0 0 142 0
36600
141 143 143 154 154 143 143 142

PAGE: 143

36608
141 142 128 128 128 128 141 153
36616
0 153 142 128 141 144 128 0
36624
0 128 0 142 141 142 128 154
36632
140 140 154 145 145 145 154 81
36640
154 140 128 154 154 140 140 142
36648
141 142 128 141 86 85 154 150
36656
147 149 154 128 149 150 0 141
36664
200 200 201 142 141 142 128 0
36672
0 128 82 80 64 82 80 64
36680
0 0 128 141 200 0 203 142
36688
141 142 0 141 84 87 154 148
36696
0 151 154 145 151 148 128 141
36704
140 140 140 142 154 154 0 2
36712
154 143 143 143 143 143 143 143
36720
143 143 128 143 154 128 2 154
36728
141 144 128 0 0 128 0 0
36736
128 0 0 128 128 0 128 0
36744
0 0 146 142 154 154 140 154
36752
143 143 143 143 143 143 143 143
36760
143 143 143 143 154 140 154 154
36768
203 0 145 142 154 154 0 2
36776
154 143 143 143 143 143 143 143
36784
143 143 143 143 154 128 2 154
36792
141 144 128 0 0 128 0 0
36800
128 0 0 128 128 0 128 0
36808
0 0 146 142 154 154 140 154
36816
143 143 143 143 143 143 143 143
36824
143 143 143 143 154 140 154 154
36832
0 0 0 0 0 0 0 0
36840
0 0 0 0 0 0 0 0
36848
0 0 0 0 0 0 0 0
36856
0 0 0 0 0 0 0 0

PAGE: 144

36864
0 0 0 0 0 0 0 0
36872
0 0 0 0 0 0 0 0
36880
0 0 0 0 68 85 78 71
36888
69 79 78 32 32 32 32 32
36896
32 32 32 68 85 78 71 69
36904
79 78 32 32 32 32 32 32
36912
32 32 68 85 78 71 69 79
36920
78 32 32 32 32 32 32 32
36928
32 68 85 78 71 69 79 78
36936
32 32 32 32 32 32 32 32
36944
84 85 78 78 69 76 83 32
36952
32 32 32 32 32 32 32 84
36960
85 78 78 69 76 83 32 32
36968
32 32 32 32 32 32 68 85
36976
78 71 69 79 78 32 32 32
36984
32 32 32 32 32 68 85 78
36992
71 69 79 78 32 32 32 32
37000
32 32 32 32 68 85 78 71
37008
69 79 78 32 32 32 32 32
37016
32 32 32 68 85 78 71 69
37024
79 78 32 32 32 32 32 32
37032
32 32 67 82 89 83 84 65
37040
76 32 67 65 86 69 32 32
37048
32 84 85 78 78 69 76 83
37056
32 32 32 32 32 32 32 32
37064
68 85 78 71 69 79 78 32
37072
32 32 32 32 32 32 32 68
37080
85 78 71 69 79 78 32 32
37088
32 32 32 32 32 32 68 85
37096
78 71 69 79 78 32 32 32
37104
32 32 32 32 32 68 85 78
37112
71 69 79 78 32 32 32 32

PAGE: 145

37120
32 32 32 32 84 85 78 78
37128
69 76 83 32 32 32 32 32
37136
32 32 32 84 85 78 78 69
37144
76 83 32 32 32 32 32 32
37152
32 32 68 85 78 71 69 79
37160
78 32 32 32 32 32 32 32
37168
32 84 79 82 84 85 82 69
37176
32 67 72 65 77 66 69 82
37184
84 79 82 84 85 82 69 32
37192
67 72 65 77 66 69 82 87
37200
73 90 65 82 68 39 83 32
37208
84 79 87 69 82 32 84 85
37216
78 78 69 76 83 32 32 32
37224
32 32 32 32 32 84 85 78
37232
78 69 76 83 32 32 32 32
37240
32 32 32 32 83 69 67 82
37248
69 84 32 86 65 85 76 84
37256
32 32 32 84 85 78 78 69
37264
76 83 32 32 32 32 32 32
37272
32 32 84 85 78 78 69 76
37280
83 32 32 32 32 32 32 32
37288
32 84 85 78 78 69 76 83
37296
32 32 32 32 32 32 32 32
37304
84 85 78 78 69 76 83 32
37312
32 32 32 32 32 32 32 84
37320
85 78 78 69 76 83 32 32
37328
32 32 32 32 32 32 67 65
37336
83 84 76 69 32 86 65 85
37344
76 84 32 32 32 84 85 78
37352
78 69 76 83 32 32 32 32
37360
32 32 32 32 84 85 78 78
37368
69 76 83 32 32 32 32 32

PAGE: 146

37376
32 32 32 84 85 78 78 69
37384
76 83 32 32 32 32 32 32
37392
32 32 84 85 78 78 69 76
37400
83 32 32 32 32 32 32 32
37408
32 84 85 78 78 69 76 83
37416
32 32 32 32 32 32 32 32
37424
67 65 83 84 76 69 32 86
37432
65 85 76 84 32 32 32 84
37440
85 78 78 69 76 83 32 32
37448
32 32 32 32 32 32 68 82
37456
65 71 79 78 83 39 32 76
37464
65 73 82 32 32 84 85 78
37472
78 69 76 83 32 32 32 32
37480
32 32 32 32 84 85 78 78
37488
69 76 83 32 32 32 32 32
37496
32 32 32 84 85 78 78 69
37504
76 83 32 32 32 32 32 32
37512
32 32 83 87 32 84 79 87
37520
69 82 32 32 32 32 32 32
37528
32 84 85 78 78 69 76 83
37536
32 32 32 32 32 32 32 32
37544
84 85 78 78 69 76 83 32
37552
32 32 32 32 32 32 32 84
37560
85 78 78 69 76 83 32 32
37568
32 32 32 32 32 32 84 85
37576
78 78 69 76 83 32 32 32
37584
32 32 32 32 32 84 85 78
37592
78 69 76 83 32 32 32 32
37600
32 32 32 32 87 79 79 68
37608
83 32 32 32 32 32 32 32
37616
32 32 32 87 79 79 68 83
37624
32 32 32 32 32 32 32 32

PAGE: 147

37632
32 32 87 79 79 68 83 32
37640
32 32 32 32 32 32 32 32
37648
32 67 65 83 84 76 69 32
37656
71 65 84 69 32 32 32 32
37664
87 79 79 68 83 32 32 32
37672
32 32 32 32 32 32 32 87
37680
79 79 68 83 32 32 32 32
37688
32 32 32 32 32 32 78 87
37696
32 84 79 87 69 82 32 32
37704
32 32 32 32 32 83 77 73
37712
84 72 83 32 83 72 79 80
37720
69 32 32 32 75 78 73 71
37728
72 84 83 32 83 84 65 66
37736
76 69 29 71 65 84 69 32
37744
72 79 85 83 69 32 32 32
37752
32 32 75 73 78 71 83 32
37760
83 84 65 66 76 69 32 32
37768
32 78 69 32 84 79 87 69
37776
82 32 32 32 32 32 32 32
37784
65 82 77 79 82 89 32 32
37792
32 32 32 32 32 32 32 87
37800
69 83 84 32 67 79 85 82
37808
84 89 65 82 68 32 67 69
37816
78 84 69 82 32 67 79 85
37824
82 84 32 32 32 67 69 78
37832
84 69 82 32 67 79 85 82
37840
84 32 32 32 69 65 83 84
37848
32 67 79 85 82 84 89 65
37856
82 68 32 71 82 65 73 78
37864
32 66 65 82 78 32 32 32
37872
32 32 83 76 65 85 71 72
37880
84 69 82 32 72 79 85 83

PAGE: 148

37888
69 87 69 83 84 32 67 79
37896
85 82 84 32 32 32 32 32
37904
71 82 65 78 68 32 69 78
37912
84 82 65 78 67 69 32 87
37920
73 90 65 82 68 83 32 84
37928
79 87 69 82 32 32 69 65
37936
83 84 32 67 79 85 82 84
37944
32 32 32 32 32 70 65 76
37952
67 79 78 32 66 65 82 78
37960
32 32 32 32 75 73 84 67
37968
72 69 78 32 32 32 32 32
37976
32 32 32 83 69 82 86 65
37984
78 84 83 32 71 65 84 69
37992
32 32 75 73 78 71 83 32
38000
72 65 76 76 32 32 32 32
38008
32 69 65 83 84 32 72 65
38016
76 76 87 65 89 32 32 32
38024
76 73 66 82 65 82 89 32
38032
71 65 82 68 69 78 32 76
38040
73 66 82 65 82 89 32 71
38048
65 82 68 69 78 32 83 69
38056
82 86 65 78 84 83 32 82
38064
79 79 77 83 32 83 69 82
38072
86 65 78 84 83 32 71 65
38080
84 69 32 32 75 73 78 71
38088
83 32 72 65 76 76 32 32
38096
32 32 32 69 65 83 84 32
38104
72 65 76 76 87 65 89 32
38112
32 32 76 73 66 82 65 82
38120
89 32 32 32 32 32 32 32
38128
32 76 73 66 82 65 82 89
38136
32 32 32 32 32 32 32 32

PAGE: 149

38144
68 73 78 78 73 78 71 32
38152
72 65 76 76 32 32 32 68
38160
73 78 78 73 78 71 32 72
38168
65 76 76 32 32 32 75 73
38176
78 71 83 32 84 79 87 69
38184
82 32 32 32 32 69 65 83
38192
84 32 72 65 76 76 87 65
38200
89 32 32 32 67 79 78 70
38208
69 82 69 78 67 69 32 82
38216
79 79 77 81 85 69 69 78
38224
83 32 71 65 82 68 69 78
38232
32 32 83 87 32 84 79 87
38240
69 82 32 32 32 32 32 32
38248
32 83 69 82 86 65 78 84
38256
83 32 87 65 89 32 32 32
38264
83 69 82 86 65 78 84 83
38272
32 87 65 89 32 32 32 83
38280
69 82 86 65 78 84 83 32
38288
87 65 89 32 32 32 83 69
38296
82 86 65 78 84 83 32 87
38304
65 89 32 32 32 83 69 32
38312
84 79 87 69 82 32 32 32
38320
32 32 32 32 86 79 73 68
38328
32 32 32 32 32 32 32 32
38336
32 32 32 86 79 73 68 32
38344
32 32 32 32 32 32 32 32
38352
32 32 86 79 73 68 32 32
38360
32 32 32 32 32 32 32 32
38368
32 86 79 73 68 32 32 32
38376
32 32 32 32 32 32 32 32
38384
86 79 73 68 32 32 32 32
38392
32 32 32 32 32 32 32 86

PAGE: 150

38400
79 73 68 32 32 32 32 32
38408
32 32 32 32 32 32 78 87
38416
32 84 79 87 69 82 32 32
38424
32 32 32 32 32 66 65 84
38432
84 76 69 32 87 65 76 76
38440
32 32 32 32 66 65 84 84
38448
76 69 32 87 65 76 76 32
38456
32 32 32 71 65 84 69 32
38464
84 79 87 69 82 32 32 32
38472
32 32 66 65 84 84 76 69
38480
32 87 65 76 76 32 32 32
38488
32 78 69 32 84 79 87 69
38496
82 32 32 32 23 32 32 32
38504
87 69 83 84 32 66 65 84
38512
84 76 69 82 79 79 77 86
38520
79 73 68 32 32 32 32 32
38528
32 23 32 32 32 32 86 79
38536
73 68 32 32 32 32 32 32
38544
32 32 32 32 32 86 79 73
38552
68 32 32 32 32 32 32 32
38560
32 32 32 32 86 79 73 68
38568
32 32 32 32 32 32 32 32
38576
32 32 32 69 65 83 84 32
38584
66 65 84 84 76 69 82 79
38592
79 77 75 78 73 71 72 84
38600
83 39 32 82 79 79 77 83
38608
32 86 79 73 68 32 32 32
38616
32 32 32 32 32 32 32 32
38624
66 65 76 67 79 78 89 32
38632
32 32 32 32 32 32 32 87
38640
73 90 65 82 68 83 39 32
38648
84 79 87 69 82 32 86 79

PAGE: 151

38656
73 68 32 32 32 32 32 32
38664
32 32 32 32 32 71 85 65
38672
82 68 32 81 85 65 82 84
38680
69 82 83 32 71 82 69 69
38688
78 32 66 69 68 82 79 79
38696
77 32 32 66 76 85 69 32
38704
66 69 68 82 79 79 77 32
38712
32 32 86 79 73 68 32 32
38720
32 32 32 32 32 32 32 32
38728
32 82 79 89 65 76 32 72
38736
65 76 76 87 65 89 32 32
38744
86 79 73 68 32 32 32 32
38752
32 32 32 32 32 32 32 86
38760
79 73 68 32 32 32 32 32
38768
32 32 32 32 32 32 87 69
38776
83 84 32 87 73 78 71 32
38784
32 32 32 32 32 87 69 83
38792
84 32 87 73 78 71 32 32
38800
32 32 32 32 86 79 73 68
38808
32 32 32 32 32 32 32 32
38816
32 32 32 82 79 89 65 76
38824
32 72 65 76 76 87 65 89
38832
32 32 75 73 78 71 83 39
38840
32 83 85 73 84 69 32 32
38848
32 81 85 69 69 78 83 39
38856
32 83 85 73 84 69 32 32
38864
87 69 83 84 32 87 73 78
38872
71 32 32 32 32 32 32 82
38880
69 68 32 66 69 68 82 79
38888
79 77 32 32 32 32 75 73
38896
78 71 83 39 32 84 79 87
38904
69 82 32 32 32 65 78 84

PAGE: 152

38912
69 67 72 65 77 66 69 82
38920
32 32 32 32 82 79 89 65
38928
76 32 66 65 84 72 83 32
38936
32 32 32 86 79 73 68 32
38944
32 32 32 32 32 32 32 32
38952
32 32 83 87 32 84 79 87
38960
69 82 32 32 32 32 32 32
38968
32 83 69 82 86 65 78 84
38976
83 39 32 87 65 89 32 32
38984
83 69 82 86 65 78 84 83
38992
39 32 87 65 89 32 32 83
39000
69 82 86 65 78 84 83 39
39008
32 87 65 89 32 32 83 69
39016
82 86 65 78 84 83 39 32
39024
87 65 89 32 32 83 69 32
39032
84 79 87 69 82 32 32 32
39040
32 32 32 32 65 32 67 65
39048
83 84 76 69 32 71 85 65
39056
82 68 32 32 32 32 65 32
39064
87 73 90 65 82 68 32 32
39072
32 32 32 32 32 32 32 32
39080
65 32 75 78 73 71 72 84
39088
32 32 32 32 32 32 32 32
39096
32 32 84 72 69 32 68 85
39104
78 71 69 79 78 32 84 82
39112
79 76 76 32 84 72 69 32
39120
83 79 82 67 69 82 69 82
39128
32 32 32 32 32 32 84 72
39136
69 32 87 73 84 67 72 32
39144
32 32 32 32 32 32 32 32
39152
84 72 69 32 68 65 82 75
39160
32 67 76 79 85 68 32 32

PAGE: 153

39168
32 32 84 72 69 32 71 82
39176
69 77 76 73 78 32 32 32
39184
32 32 32 32 32 32 32 32
39192
32 32 32 32 32 32 32 32
39200
32 32 32 32 32 32 84 72
39208
69 32 68 82 65 71 79 78
39216
32 32 32 32 32 32 32 32
39224
84 72 69 32 82 79 89 65
39232
76 32 83 67 69 80 84 69
39240
82 32 84 72 69 32 66 76
39248
85 69 32 67 82 89 83 84
39256
65 76 32 32 84 72 69 32
39264
87 73 90 65 82 68 83 39
39272
32 83 84 79 78 69 84 72
39280
69 32 77 65 71 73 67 32
39288
83 87 79 82 68 32 32 32
39296
84 72 69 32 77 65 83 84
39304
69 82 32 75 69 89 32 32
39312
32 32 84 72 69 32 77 65
39320
71 73 67 32 82 73 78 71
39328
32 32 32 32 84 72 69 32
39336
77 65 80 32 32 32 32 32
39344
32 32 32 32 32 32 33 0
39352
0 0 0 0 0 0 0 0
39360
0 0 0 0 0 0 0 0
39368
0 0 0 0 0 0 0 0
39376
0 0 0 0 0 0 0 0
39384
0 0 0 0 0 0 0 0
39392
0 0 0 0 0 0 0 0
39400
0 0 0 0 0 0 0 0
39408
0 0 0 0 0 0 0 0
39416
0 0 0 0 0 0 0 0

PAGE: 154

39424
0 0 0 0 0 0 0 0
39432
0 0 0 0 0 0 0 0
39440
0 0 0 0 0 0 0 0
39448
0 0 0 0 0 0 0 0
39456
0 0 0 0 0 0 0 0
39464
0 0 0 0 0 0 0 0
39472
0 0 0 0 0 0 0 0
39480
0 0 0 0 0 0 0 0
39488
0 0 0 0 0 0 0 0
39496
0 0 0 0 0 0 0 0
39504
0 0 0 0 0 0 0 0
39512
0 0 0 0 0 0 0 0
39520
0 0 0 0 0 0 0 0
39528
0 0 0 0 0 0 106 110
39536
113 114 116 118 121 126 132 137
39544
145 102 103 108 109 111 117 120
39552
122 125 128 134 135 142 2 3
39560
5 7 12 14 15 16 17 21
39568
23 27 28 29 33 37 38 43
39576
45 105 107 112 115 141 143 213
39584
218 228 231 232 234 237 244 247
39592
24 26 30 34 44 46 47 123
39600
124 130 138 148 208 209 211 226
39608
238 240 243 248 101 6 48 221
39616
127 129 139 146 10 20 22 31
39624
32 35 40 136 144 147 222 235
39632
239 8 13 18 4 11 25 36
39640
39 119 133 210 219 224 225 246
39648
207 212 1 9 19 41 42 236
39656
136 131 140 241 106 110 114 116
39664
118 121 126 132 137 145 102 109
39672
117 120 128 134 142 5 14 15

PAGE: 155

39680
16 17 23 29 38 43 45 112
39688
141 143 213 218 228 231 244 247
39696
26 44 46 47 123 124 130 138
39704
148 208 226 248 101 221 139 10
39712
20 22 31 32 35 40 136 144
39720
147 222 235 239 18 11 25 36
39728
39 225 207 212 19 41 136 140
39736
241 241 241 241 241 241 241 241
39744
241 241 241 241 241 241 241 0
39752
0 0 0 0 0 0 0 0
39760
0 0 0 0 0 0 0 0
39768
0 0 0 0 0 0 0 0
39776
0 0 0 0 0 0 0 0
39784
0 0 0 0 77 77 77 77
39792
77 77 77 77 0 0 0 0
39800
0 0 0 0 0 0 0 0
39808
156 0 0 0 0 0 0 0
39816
0 0 0 0 0 0 0 0
39824
0 0 0 0 0 0 0 0
39832
0 0 0 0 0 0 0 0
39840
0 0 0 0 0 0 0 0
39848
0 0 0 0 0 0 0 0
39856
0 0 0 0 0 0 0 0
39864
0 0 0 0 0 0 0 0
39872
0 0 0 0 0 0 0 0
39880
0 0 0 0 0 0 0 0
39888
0 0 0 0 0 0 0 0
39896
0 0 0 0 0 0 0 0
39904
0 0 0 0 0 0 0 0
39912
0 0 0 0 0 0 0 0
39920
0 0 0 0 0 0 0 0
39928
0 0 0 0 0 0 0 0

PAGE: 156

39936
0 0 0 0 0 0 0 0
39944
0 0 0 0 0 0 0 0
39952
0 0 0 0 0 0 0 0
39960
0 0 0 0 0 0 0 0
39968
112 112 112 66 64 156 2 2
39976
2 2 2 2 2 2 2 2
39984
2 2 2 2 2 2 2 2
39992
2 2 2 2 2 65 32 156
40000
0 0 44 48 50 41 46 52
40008
0 2 0 0 0 0 0 0
40016
0 0 0 0 0 0 0 0
40024
0 0 0 0 0 0 0 0
40032
0 0 0 0 0 0 0 0
40040
0 0 0 45 33 39 41 35
40048
0 35 33 51 52 44 37 2
40056
0 0 0 0 0 0 0 0
40064
0 0 0 0 0 0 0 0
40072
0 0 0 0 0 0 0 0
40080
0 0 0 0 0 0 0 0
40088
0 0 0 0 0 0 0 0
40096
0 0 0 0 0 0 0 0
40104
0 0 0 0 0 0 0 0
40112
0 0 0 0 0 0 0 0
40120
0 0 50 37 33 36 57 0
40128
0 0 0 0 0 0 0 0
40136
0 0 0 0 0 0 0 0
40144
0 0 0 0 0 0 0 0
40152
0 0 0 0 0 0 0 0
40160
0 0 44 48 50 41 46 52
40168
0 2 0 0 0 0 0 0
40176
0 0 0 0 0 0 0 0
40184
0 0 0 0 0 0 0 0

PAGE: 6

1536
104 173 11 212 201 96 48 249
1544
96 0 0 0 0 0 0 0
1552
0 104 173 11 212 201 96 48
1560
249 104 104 141 5 212 104 141
1568
133 6 104 141 132 6 96 104
1576
104 133 208 104 133 207 104 133
1584
206 104 133 205 104 133 204 104
1592
56 233 1 133 203 177 207 145
1600
205 200 208 14 165 206 24 105
1608
1 133 206 165 208 24 105 1
1616
133 208 165 203 201 0 208 17
1624
56 233 1 133 203 165 204 201
1632
0 208 14 165 203 201 255 240
1640
16 56 233 1 133 203 76 61
1648
6 56 233 1 133 204 76 61
1656
6 96 0 0 0 0 0 0
1664
112 112 112 103 224 139 39 39
1672
39 39 39 39 39 39 7 199
1680
108 155 66 96 159 2 2 2
1688
65 128 6 72 169 224 141 10
1696
212 141 9 212 104 64 0 0
1704
0 112 112 112 71 0 133 7
1712
7 7 7 7 2 2 2 2
1720
2 2 2 2 2 2 2 2
1728
65 169 6 0 0 0 0 0
1736
0 0 0 0 0 0 0 0
1744
0 169 0 141 47 2 169 169
1752
141 48 2 169 6 141 49 2
1760
169 155 141 0 2 169 6 141
1768
1 2 169 34 141 47 2 169
1776
149 141 200 2 96 0 0 0
1784
0 0 0 0 0 0 0 0
